5, 10, 4
file1, 4
 0; 1; 2; 3; -1; 0; 0; 0; 0; 0
(null), 0
 0; 0; 0; 0; 0; 0; 0; 0; 0; 0
(null), 0
 0; 0; 0; 0; 0; 0; 0; 0; 0; 0
(null), 0
 0; 0; 0; 0; 0; 0; 0; 0; 0; 0
(null), 0
 0; 0; 0; 0; 0; 0; 0; 0; 0; 0
(null), 0
 0; 0; 0; 0; 0; 0; 0; 0; 0; 0
(null), 0
 0; 0; 0; 0; 0; 0; 0; 0; 0; 0
(null), 0
 0; 0; 0; 0; 0; 0; 0; 0; 0; 0
(null), 0
 0; 0; 0; 0; 0; 0; 0; 0; 0; 0
(null), 0
 0; 0; 0; 0; 0; 0; 0; 0; 0; 0
(null), 0
 0; 0; 0; 0; 0; 0; 0; 0; 0; 0
(null), 0
 0; 0; 0; 0; 0; 0; 0; 0; 0; 0
(null), 0
 0; 0; 0; 0; 0; 0; 0; 0; 0; 0
(null), 0
 0; 0; 0; 0; 0; 0; 0; 0; 0; 0
(null), 0
 0; 0; 0; 0; 0; 0; 0; 0; 0; 0
(null), 0
 0; 0; 0; 0; 0; 0; 0; 0; 0; 0
(null), 0
 0; 0; 0; 0; 0; 0; 0; 0; 0; 0
(null), 0
 0; 0; 0; 0; 0; 0; 0; 0; 0; 0
(null), 0
 0; 0; 0; 0; 0; 0; 0; 0; 0; 0
(null), 0
 0; 0; 0; 0; 0; 0; 0; 0; 0; 0
hello world test0000000000000000000000000000000000