5, 10, 0
file1, 0
 0; 0; 0; 0; 0; 0; 0; 0; 0; 0
(null), 0
 0; 0; 0; 0; 0; 0; 0; 0; 0; 0
(null), 0
 0; 0; 0; 0; 0; 0; 0; 0; 0; 0
(null), 0
 0; 0; 0; 0; 0; 0; 0; 0; 0; 0
(null), 0
 0; 0; 0; 0; 0; 0; 0; 0; 0; 0
(null), 0
 0; 0; 0; 0; 0; 0; 0; 0; 0; 0
(null), 0
 0; 0; 0; 0; 0; 0; 0; 0; 0; 0
(null), 0
 0; 0; 0; 0; 0; 0; 0; 0; 0; 0
(null), 0
 0; 0; 0; 0; 0; 0; 0; 0; 0; 0
(null), 0
 0; 0; 0; 0; 0; 0; 0; 0; 0; 0
(null), 0
 0; 0; 0; 0; 0; 0; 0; 0; 0; 0
(null), 0
 0; 0; 0; 0; 0; 0; 0; 0; 0; 0
(null), 0
 0; 0; 0; 0; 0; 0; 0; 0; 0; 0
(null), 0
 0; 0; 0; 0; 0; 0; 0; 0; 0; 0
(null), 0
 0; 0; 0; 0; 0; 0; 0; 0; 0; 0
(null), 0
 0; 0; 0; 0; 0; 0; 0; 0; 0; 0
(null), 0
 0; 0; 0; 0; 0; 0; 0; 0; 0; 0
(null), 0
 0; 0; 0; 0; 0; 0; 0; 0; 0; 0
(null), 0
 0; 0; 0; 0; 0; 0; 0; 0; 0; 0
(null), 0
 0; 0; 0; 0; 0; 0; 0; 0; 0; 0
00000000000000000000000000000000000000000000000000